1073748241	0.541453	0.578866	
2147490065	0.545796	0.578866	
3221231889	0.546232	0.578866	
4294973713	0.544106	0.578866	
5368715537	0.540593	0.578866	
6442457361	0.556940	0.578866	
7516199185	0.557881	0.578866	
8589941009	0.565790	0.578866	
9663682833	0.562176	0.578866	
10737424657	0.561128	0.578866	
11811166481	0.557492	0.578866	
12884908305	0.541185	0.578866	
13958650129	0.540752	0.578866	
15032391953	0.541406	0.578866	
16106133777	0.558948	0.578866	
17179875601	0.558326	0.578866	
18253617425	0.558504	0.578866	
19327359249	0.572006	0.578866	
20401101073	0.561191	0.578866	
21474842897	0.561043	0.578866	
22548584721	0.559853	0.727125	
23622326545	0.563468	0.727125	
24696068369	0.559964	0.727125	
25769810193	0.561872	0.727125	
26843552017	0.561229	0.727125	
27917293841	0.541950	0.727125	
28991035665	0.541726	0.727125	
30064777489	0.542485	0.727125	
31138519313	0.542893	0.727125	
32212261137	0.557724	0.727125	
33286002961	0.567081	0.727125	
34359744785	0.560751	0.727125	
35433486609	0.560870	0.727125	
36507228433	0.558303	0.727125	
37580970257	0.564142	0.727125	
38654712081	0.561144	0.727125	
39728453905	0.561875	0.727125	
40802195729	0.559173	0.727125	
41875937553	0.556458	0.727125	
42949679377	0.556977	0.727125	
44023421201	0.558921	0.727125	
45097163025	0.559572	0.727125	
46170904849	0.558973	0.727125	
47244646673	0.564056	0.727125	
48318388497	0.558163	0.727125	
49392130321	0.556014	0.727125	
50465872145	0.601601	0.727125	
51539613969	0.538979	0.727125	
52613355793	0.539376	0.727125	
53687097617	0.539665	0.727125	
54760839441	0.552271	0.727125	
55834581265	0.562146	0.727125	
56908323089	0.562345	0.727125	
57982064913	0.574513	0.727125	
59055806737	0.559150	0.727125	
60129548561	0.560599	0.727125	
61203290385	0.557638	0.727125	
62277032209	0.558778	0.727125	
63350774033	0.555963	0.727125	
64424515857	0.558583	0.727125	
65498257681	0.558499	0.727125	
66571999505	0.560167	0.727125	
67645741329	0.561793	0.727125	
68719483153	0.560872	0.727125	
69793224977	0.563599	0.727125	
70866966801	0.564948	0.727125	
71940708625	0.579301	0.727125	
73014450449	0.561862	0.727125	
74088192273	0.561526	0.727125	
75161934097	0.594382	0.727125	
76235675921	0.565312	0.727125	
77309417745	0.562636	0.727125	
78383159569	0.563191	0.727125	
79456901393	0.566576	0.727125	
80530643217	0.564986	0.727125	
81604385041	0.564393	0.727125	
82678126865	0.545569	0.727125	
83751868689	0.544419	0.727125	
84825610513	0.544963	0.727125	
85899352337	0.548892	0.727125	
86973094161	0.561369	0.727125	
88046835985	0.563480	0.727125	
89120577809	0.572293	0.727125	
90194319633	0.571989	0.727125	
91268061457	0.565710	0.727125	
92341803281	0.572792	0.727125	
93415545105	0.567811	0.727125	
94489286929	0.701757	0.727125	
95563028753	0.835653	0.727125	
96636770577	0.828631	0.727125	
97710512401	0.819512	0.727125	
98784254225	0.830727	0.727125	
99857996049	0.810147	0.727125	
100931737873	0.812132	0.727125	
102005479697	0.813155	0.727125	
103079221521	0.811641	0.727125	
104152963345	0.807794	0.727125	
105226705169	0.818586	0.727125	
106300446993	0.808415	0.727125	
107374188817	0.810773	0.727125	
108447930641	0.811438	0.727125	
109521672465	0.802592	0.727125	
110595414289	0.823012	0.727125	
111669156113	0.806108	0.727125	
112742897937	0.807635	0.727125	
113816639761	0.865938	0.727125	
114890381585	0.807132	0.727125	
115964123409	0.810303	0.727125	
117037865233	0.812807	0.727125	
118111607057	0.812910	0.727125	
119185348881	0.815141	0.727125	
120259090705	0.808667	0.727125	
121332832529	0.789350	0.727125	
122406574353	0.791625	0.727125	
123480316177	0.798597	0.727125	
124554058001	0.811497	0.727125	
125627799825	0.816018	0.727125	
126701541649	0.811706	0.727125	
127775283473	0.810773	0.727125	
128849025297	0.816265	0.727125	
129922767121	0.817592	0.727125	
130996508945	0.815602	0.727125	
132070250769	0.819994	0.727125	
133143992593	0.819713	0.727125	
134217734417	0.829342	0.727125	
135291476241	0.827891	0.727125	
136365218065	0.825045	0.727125	
137438959889	0.824114	0.727125	
138512701713	0.818714	0.727125	
139586443537	0.810717	0.727125	
140660185361	0.807702	0.727125	
141733927185	0.805577	0.727125	
142807669009	0.814518	0.727125	
143881410833	0.828137	0.727125	
144955152657	0.822327	0.727125	
146028894481	0.818505	0.727125	
147102636305	0.819258	0.727125	
148176378129	0.812964	0.727125	
149250119953	0.816938	0.727125	
150323861777	0.810769	0.727125	
151397603601	0.813026	0.727125	
152471345425	0.809466	0.727125	
153545087249	0.810502	0.727125	
154618829073	0.814846	0.727125	
155692570897	0.812237	0.727125	
156766312721	0.820489	0.727125	
157840054545	0.828566	0.727125	
158913796369	0.831113	0.727125	
159987538193	0.813924	0.727125	
161061280017	0.821819	0.727125	
162135021841	0.808413	0.727125	
163208763665	0.807122	0.727125	
164282505489	0.818149	0.727125	
165356247313	0.807391	0.727125	
166429989137	0.807169	0.727125	
167503730961	0.807092	0.727125	
168577472785	0.806185	0.727125	
169651214609	0.809956	0.727125	
170724956433	0.807830	0.727125	
171798698257	0.806403	0.727125	
172872440081	0.829479	0.727125	
173946181905	0.805123	0.727125	
175019923729	0.803558	0.727125	
176093665553	0.847889	0.727125	
177167407377	0.814441	0.727125	
178241149201	0.816921	0.727125	
179314891025	0.816301	0.727125	
180388632849	0.809571	0.727125	
181462374673	0.809693	0.727125	
182536116497	0.817572	0.727125	
183609858321	0.817077	0.727125	
184683600145	0.830813	0.727125	
185757341969	0.815151	0.727125	
186831083793	0.813904	0.727125	
187904825617	0.812925	0.727125	
188978567441	0.809277	0.727125	
190052309265	0.791398	0.727125	
191126051089	0.751496	0.727125	
192199792913	0.821153	0.727125	
193273534737	0.862041	0.727125	
194347276561	0.823024	0.727125	
195421018385	0.837039	0.727125	
196494760209	0.850623	0.727125	
197568502033	0.855232	0.727125	
198642243857	0.850726	0.727125	
199715985681	0.855569	0.727125	
200789727505	0.852176	0.727125	
201863469329	0.846375	0.727125	
202937211153	0.837736	0.727125	
204010952977	0.843331	0.727125	
205084694801	0.842028	0.727125	
206158436625	0.854162	0.727125	
207232178449	0.832878	0.727125	
208305920273	0.876429	0.727125	
209379662097	0.846231	0.727125	
210453403921	0.847478	0.727125	
211527145745	0.846744	0.727125	
212600887569	0.842731	0.727125	
213674629393	0.844889	0.727125	
214748371217	0.846670	0.727125	
215822113041	0.840972	0.727125	
216895854865	0.854196	0.727125	
217969596689	0.837096	0.727125	
219043338513	0.838687	0.727125	
220117080337	0.870214	0.727125	
221190822161	0.849799	0.727125	
222264563985	0.850222	0.727125	
223338305809	0.852410	0.727125	
224412047633	0.854364	0.727125	
225485789457	0.850921	0.727125	
226559531281	0.843011	0.727125	
227633273105	0.842586	0.727125	
228707014929	0.847284	0.727125	
229780756753	0.842804	0.727125	
230854498577	0.847431	0.727125	
231928240401	0.854576	0.727125	
233001982225	0.850029	0.727125	
234075724049	0.852866	0.727125	
235149465873	0.863312	0.727125	
236223207697	0.858647	0.727125	
237296949521	0.867231	0.727125	
238370691345	0.848677	0.727125	
239444433169	0.846560	0.727125	
240518174993	0.852757	0.727125	
241591916817	0.840295	0.727125	
242665658641	0.841205	0.727125	
243739400465	0.845111	0.727125	
244813142289	0.845474	0.727125	
245886884113	0.842080	0.727125	
246960625937	0.847686	0.727125	
248034367761	0.861115	0.727125	
249108109585	0.880623	0.727125	
250181851409	0.857702	0.727125	
251255593233	0.852175	0.727125	
252329335057	0.847354	0.727125	
253403076881	0.847734	0.727125	
254476818705	0.847516	0.727125	
255550560529	0.845873	0.727125	
256624302353	0.848762	0.727125	
257698044177	0.863365	0.727125	
258771786001	0.843610	0.727125	
259845527825	0.839085	0.727125	
260919269649	0.842081	0.727125	
261993011473	0.839540	0.727125	
263066753297	0.842031	0.727125	
264140495121	0.858843	0.727125	
265214236945	0.839340	0.727125	
266287978769	0.862819	0.727125	
267361720593	0.839494	0.727125	
268435462417	0.847937	0.727125	
269509204241	0.872121	0.727125	
270582946065	0.859473	0.727125	
271656687889	0.860389	0.727125	
272730429713	0.861594	0.727125	
273804171537	0.857736	0.727125	
274877913361	0.863969	0.727125	
275951655185	0.855703	0.727125	
277025397009	0.842484	0.727125	
278099138833	0.874885	0.727125	
279172880657	0.862050	0.727125	
280246622481	0.868090	0.727125	
281320364305	0.865549	0.727125	
282394106129	0.857366	0.727125	
283467847953	0.846411	0.727125	
284541589777	0.865495	0.727125	
285615331601	0.865258	0.727125	
286689073425	0.878994	0.727125	
287762815249	0.862436	0.727125	
288836557073	0.849852	0.727125	
289910298897	0.850175	0.727125	
290984040721	0.852014	0.727125	
292057782545	0.859576	0.727125	
293131524369	0.842841	0.727125	
294205266193	0.845484	0.727125	
295279008017	0.848353	0.727125	
296352749841	0.846809	0.727125	
297426491665	0.842573	0.727125	
298500233489	0.849194	0.727125	
299573975313	0.853095	0.727125	
300647717137	0.852790	0.727125	
301721458961	0.856116	0.727125	
302795200785	0.853057	0.727125	
303868942609	0.856340	0.727125	
304942684433	0.852372	0.727125	
306016426257	0.844964	0.727125	
307090168081	0.898515	0.727125	
308163909905	0.845070	0.727125	
309237651729	0.858615	0.727125	
310311393553	0.861129	0.727125	
311385135377	0.863743	0.727125	
312458877201	0.862882	0.727125	
313532619025	0.862515	0.727125	
314606360849	0.861738	0.727125	
315680102673	0.876359	0.727125	
316753844497	0.860204	0.727125	
317827586321	0.861753	0.727125	
318901328145	0.848964	0.727125	
319975069969	0.842237	0.727125	
321048811793	0.842705	0.727125	
322122553617	0.840720	0.727125	
323196295441	0.842602	0.727125	
324270037265	0.845580	0.727125	
325343779089	0.847105	0.727125	
326417520913	0.846927	0.727125	
327491262737	0.861923	0.727125	
328565004561	0.864851	0.727125	
329638746385	0.863058	0.727125	
330712488209	0.843096	0.727125	
331786230033	0.845384	0.727125	
332859971857	0.844846	0.727125	
333933713681	0.845850	0.727125	
335007455505	0.842382	0.727125	
336081197329	0.899903	0.727125	
337154939153	0.865557	0.727125	
338228680977	0.871659	0.727125	
339302422801	0.905449	0.727125	
340376164625	0.847785	0.727125	
341449906449	0.917469	0.727125	
342523648273	0.866672	0.727125	
343597390097	0.897491	0.727125	
344671131921	0.875736	0.727125	
345744873745	0.885817	0.727125	
346818615569	0.861187	0.727125	
347892357393	0.894263	0.727125	
348966099217	0.845455	0.727125	
350039841041	0.808542	0.727125	
351113582865	0.894137	0.727125	
352187324689	0.870524	0.727125	
353261066513	0.841199	0.727125	
354334808337	0.890689	0.727125	
355408550161	0.838300	0.727125	
356482291985	0.855053	0.727125	
357556033809	0.851430	0.727125	
358629775633	0.852233	0.727125	
359703517457	0.852598	0.727125	
360777259281	0.840523	0.727125	
361851001105	0.842024	0.727125	
362924742929	0.840991	0.727125	
363998484753	0.844661	0.727125	
365072226577	0.858668	0.727125	
366145968401	0.845507	0.727125	
367219710225	0.847493	0.727125	
368293452049	0.845547	0.727125	
369367193873	0.842780	0.727125	
370440935697	0.853525	0.727125	
371514677521	0.855395	0.727125	
372588419345	0.863295	0.727125	
373662161169	0.949085	0.727125	
374735902993	0.914285	0.727125	
375809644817	0.852726	0.727125	
376883386641	0.852007	0.727125	
377957128465	0.850375	0.727125	
379030870289	0.851706	0.727125	
380104612113	0.850545	0.727125	
381178353937	0.850780	0.727125	
382252095761	0.863476	0.727125	
383325837585	0.840385	0.727125	
384399579409	0.842807	0.727125	
385473321233	0.854521	0.727125	
386547063057	0.849381	0.727125	
387620804881	0.851012	0.727125	
388694546705	0.852181	0.727125	
389768288529	0.847921	0.727125	
390842030353	0.842539	0.727125	
391915772177	0.844110	0.727125	
392989514001	0.841404	0.727125	
394063255825	0.934324	0.727125	
395136997649	0.873732	0.727125	
396210739473	0.812746	0.727125	
397284481297	0.921219	0.727125	
398358223121	0.876956	0.727125	
399431964945	0.913488	0.727125	
400505706769	0.877405	0.727125	
401579448593	0.891153	0.727125	
402653190417	0.869670	0.727125	
403726932241	0.867567	0.727125	
404800674065	0.856161	0.727125	
405874415889	0.886537	0.727125	
406948157713	0.849753	0.727125	
408021899537	0.911483	0.727125	
409095641361	0.824390	0.727125	
410169383185	0.892725	0.727125	
411243125009	0.846970	0.727125	
412316866833	0.856880	0.727125	
413390608657	0.827967	0.727125	
414464350481	0.875978	0.727125	
415538092305	0.905032	0.727125	
416611834129	0.878744	0.727125	
417685575953	0.892282	0.727125	
418759317777	0.881858	0.727125	
419833059601	0.932565	0.727125	
420906801425	0.949866	0.727125	
421980543249	0.862547	0.727125	
423054285073	0.860530	0.727125	
424128026897	0.877918	0.727125	
425201768721	0.881739	0.727125	
426275510545	0.876104	0.727125	
427349252369	0.890441	0.727125	
428422994193	0.880323	0.727125	
429496736017	0.865616	0.727125	
430570477841	0.885395	0.727125	
431644219665	0.881415	0.727125	
432717961489	0.913040	0.727125	
433791703313	0.884000	0.727125	
434865445137	0.893673	0.727125	
435939186961	0.938055	0.727125	
437012928785	0.906265	0.727125	
438086670609	0.899185	0.727125	
439160412433	0.889148	0.727125	
440234154257	0.883676	0.727125	
441307896081	0.897876	0.727125	
442381637905	0.875117	0.727125	
443455379729	0.877243	0.727125	
444529121553	0.871301	0.727125	
445602863377	0.900749	0.727125	
446676605201	0.933420	0.727125	
447750347025	0.876706	0.727125	
448824088849	0.875880	0.727125	
449897830673	0.886481	0.727125	
450971572497	0.889798	0.727125	
452045314321	0.884865	0.727125	
453119056145	0.881277	0.727125	
454192797969	0.884862	0.727125	
455266539793	0.885623	0.727125	
456340281617	0.872396	0.727125	
457414023441	0.971841	0.727125	
458487765265	0.885706	0.727125	
459561507089	0.881908	0.727125	
460635248913	0.874123	0.727125	
461708990737	0.856927	0.727125	
462782732561	0.878138	0.727125	
463856474385	0.856060	0.727125	
464930216209	0.862860	0.727125	
466003958033	0.866214	0.727125	
467077699857	0.884391	0.727125	
468151441681	0.879858	0.727125	
469225183505	0.869292	0.727125	
470298925329	0.891144	0.727125	
471372667153	0.881195	0.727125	
472446408977	0.876656	0.727125	
473520150801	0.887927	0.727125	
474593892625	0.895864	0.727125	
475667634449	0.864072	0.727125	
476741376273	0.862225	0.727125	
477815118097	0.908288	0.727125	
478888859921	0.984154	0.727125	
479962601745	0.991483	0.727125	
481036343569	0.983620	0.727125	
482110085393	0.846944	0.727125	
483183827217	0.916235	0.727125	
484257569041	0.975109	0.727125	
485331310865	0.954535	0.727125	
486405052689	0.806446	0.727125	
487478794513	0.865195	0.727125	
488552536337	0.922439	0.727125	
489626278161	0.861491	0.727125	
490700019985	0.876080	0.727125	
491773761809	0.927800	0.727125	
492847503633	0.866469	0.727125	
493921245457	0.897549	0.727125	
494994987281	0.837034	0.727125	
496068729105	0.871599	0.727125	
497142470929	0.882732	0.727125	
498216212753	0.922797	0.727125	
499289954577	0.858091	0.727125	
500363696401	0.858738	0.727125	
501437438225	0.867440	0.727125	
502511180049	0.895158	0.727125	
503584921873	0.853659	0.727125	
504658663697	0.922000	0.727125	
505732405521	0.845493	0.727125	
506806147345	0.872307	0.727125	
507879889169	0.919875	0.727125	
508953630993	0.858977	0.727125	
510027372817	0.858339	0.727125	
511101114641	0.928886	0.727125	
512174856465	0.841577	0.727125	
513248598289	0.881221	0.727125	
514322340113	0.917883	0.727125	
515396081937	0.865647	0.727125	
516469823761	0.872240	0.727125	
517543565585	0.886423	0.727125	
518617307409	0.947472	0.727125	
519691049233	0.888277	0.727125	
520764791057	0.870614	0.727125	
521838532881	0.930340	0.727125	
522912274705	0.856993	0.727125	
523986016529	0.877439	0.727125	
525059758353	0.930984	0.727125	
526133500177	0.859489	0.727125	
527207242001	0.857587	0.727125	
528280983825	0.885899	0.727125	
529354725649	0.859823	0.727125	
530428467473	0.869851	0.727125	
531502209297	0.874620	0.727125	
532575951121	0.872728	0.727125	
533649692945	0.892933	0.727125	
534723434769	0.858490	0.727125	
535797176593	0.867240	0.727125	
536870918417	0.935182	0.727125	
537944660241	0.862456	0.727125	
539018402065	0.901318	0.727125	
540092143889	0.864566	0.727125	
541165885713	0.904691	0.727125	
542239627537	0.995134	0.727125	
543313369361	0.878736	0.727125	
544387111185	0.853071	0.727125	
545460853009	0.911056	0.727125	
546534594833	0.846958	0.727125	
547608336657	0.911056	0.727125	
548682078481	0.856558	0.727125	
549755820305	0.877502	0.727125	
550829562129	0.925887	0.727125	
551903303953	0.994138	0.727125	
552977045777	0.846250	0.727125	
554050787601	0.961829	0.727125	
555124529425	0.962963	0.727125	
556198271249	0.857189	0.727125	
557272013073	0.908563	0.727125	
558345754897	0.859570	0.727125	
559419496721	0.909410	0.727125	
560493238545	0.975940	0.727125	
561566980369	0.857378	0.727125	
562640722193	0.986715	0.727125	
563714464017	0.861229	0.727125	
564788205841	0.923878	0.727125	
565861947665	0.979633	0.727125	
566935689489	0.849187	0.727125	
568009431313	0.870980	0.727125	
569083173137	0.863479	0.727125	
570156914961	0.879800	0.727125	
571230656785	0.877854	0.727125	
572304398609	0.880630	0.727125	
573378140433	0.883336	0.727125	
574451882257	0.873535	0.727125	
575525624081	0.880260	0.727125	
576599365905	0.892867	0.727125	
577673107729	0.880675	0.727125	
578746849553	0.871560	0.727125	
579820591377	0.864335	0.727125	
580894333201	0.868227	0.727125	
581968075025	0.864775	0.727125	
583041816849	0.885234	0.727125	
584115558673	0.878551	0.727125	
585189300497	0.905593	0.727125	
586263042321	0.869696	0.727125	
587336784145	0.869786	0.727125	
588410525969	0.871336	0.727125	
589484267793	0.877485	0.727125	
590558009617	0.870319	0.727125	
591631751441	0.872009	0.727125	
592705493265	0.872043	0.727125	
593779235089	0.894373	0.727125	
594852976913	0.876953	0.727125	
595926718737	0.886582	0.727125	
597000460561	0.886741	0.727125	
598074202385	0.886558	0.727125	
599147944209	0.883492	0.727125	
600221686033	0.883692	0.727125	
601295427857	0.885388	0.727125	
602369169681	0.883869	0.727125	
603442911505	0.874286	0.727125	
604516653329	0.880073	0.727125	
605590395153	0.882163	0.727125	
606664136977	0.885183	0.727125	
607737878801	0.886970	0.727125	
608811620625	0.856977	0.727125	
609885362449	0.868325	0.727125	
610959104273	0.862300	0.727125	
612032846097	0.878437	0.727125	
613106587921	0.865479	0.727125	
614180329745	0.861626	0.727125	
615254071569	0.861151	0.727125	
616327813393	0.866703	0.727125	
617401555217	0.863068	0.727125	
618475297041	0.869051	0.727125	
619549038865	0.873158	0.727125	
620622780689	0.879545	0.727125	
621696522513	0.881331	0.727125	
622770264337	0.871630	0.727125	
623844006161	0.869357	0.727125	
624917747985	0.880659	0.727125	
625991489809	0.884272	0.727125	
627065231633	0.889228	0.727125	
628138973457	0.874643	0.727125	
629212715281	0.872693	0.727125	
630286457105	0.883727	0.727125	
631360198929	0.925092	0.727125	
632433940753	0.872319	0.727125	
633507682577	0.872703	0.727125	
634581424401	0.874204	0.727125	
635655166225	0.890099	0.727125	
636728908049	1.063242	0.727125	
637802649873	0.854908	0.727125	
638876391697	0.874369	0.727125	
639950133521	0.875042	0.727125	
641023875345	0.884403	0.727125	
642097617169	0.890520	0.727125	
643171358993	0.885069	0.727125	
644245100817	0.892509	0.727125	
645318842641	0.838068	0.727125	
646392584465	0.857038	0.727125	
647466326289	0.753089	0.727125	
648540068113	0.921625	0.727125	
649613809937	0.926720	0.727125	
650687551761	0.874387	0.727125	
651761293585	0.869241	0.727125	
652835035409	0.867835	0.727125	
653908777233	0.884347	0.727125	
654982519057	0.858559	0.727125	
656056260881	0.871945	0.727125	
657130002705	0.886677	0.727125	
658203744529	0.874809	0.727125	
659277486353	0.870505	0.727125	
660351228177	0.881981	0.727125	
661424970001	0.870809	0.727125	
662498711825	0.881997	0.727125	
663572453649	0.882660	0.727125	
664646195473	0.879660	0.727125	
665719937297	0.881431	0.727125	
666793679121	0.872266	0.727125	
667867420945	0.858111	0.727125	
668941162769	0.874206	0.727125	
670014904593	0.884765	0.727125	
671088646417	0.873017	0.727125	
672162388241	0.862780	0.727125	
673236130065	0.872217	0.727125	
674309871889	0.888430	0.727125	
675383613713	0.889012	0.727125	
676457355537	0.879338	0.727125	
677531097361	0.859604	0.727125	
678604839185	0.880398	0.727125	
679678581009	0.885702	0.727125	
680752322833	0.879855	0.727125	
681826064657	0.882823	0.727125	
682899806481	0.881810	0.727125	
683973548305	0.901931	0.727125	
685047290129	0.907820	0.727125	
686121031953	0.884666	0.727125	
687194773777	0.877676	0.727125	
688268515601	0.883907	0.727125	
689342257425	0.878098	0.727125	
690415999249	0.866060	0.727125	
691489741073	0.881063	0.727125	
692563482897	0.886252	0.727125	
693637224721	0.862789	0.727125	
694710966545	0.874311	0.727125	
695784708369	0.868873	0.727125	
696858450193	0.909359	0.727125	
697932192017	0.860496	0.727125	
699005933841	0.882638	0.727125	
700079675665	0.918953	0.727125	
701153417489	0.899751	0.727125	
702227159313	0.927238	0.727125	
703300901137	0.876436	0.727125	
704374642961	0.872242	0.727125	
705448384785	0.896400	0.727125	
706522126609	0.864396	0.727125	
707595868433	0.878331	0.727125	
708669610257	0.863766	0.727125	
709743352081	0.869895	0.727125	
710817093905	0.870809	0.727125	
711890835729	0.916885	0.727125	
712964577553	1.005155	0.727125	
714038319377	0.955766	0.727125	
715112061201	0.897324	0.727125	
716185803025	0.876800	0.727125	
717259544849	0.868999	0.727125	
718333286673	0.882881	0.727125	
719407028497	0.874366	0.727125	
720480770321	0.865617	0.727125	
721554512145	0.877853	0.727125	
722628253969	0.879795	0.727125	
723701995793	0.873679	0.727125	
724775737617	0.961974	0.727125	
725849479441	0.945236	0.727125	
726923221265	0.946320	0.727125	
727996963089	0.974172	0.727125	
729070704913	0.958145	0.727125	
730144446737	0.965298	0.727125	
731218188561	0.961047	0.727125	
732291930385	0.947041	0.727125	
733365672209	0.875466	0.727125	
734439414033	0.878491	0.727125	
735513155857	0.878458	0.727125	
736586897681	0.890892	0.727125	
737660639505	0.875968	0.727125	
738734381329	0.871765	0.727125	
739808123153	0.879937	0.727125	
740881864977	0.860057	0.727125	
741955606801	0.880453	0.727125	
743029348625	0.887717	0.727125	
744103090449	0.867049	0.727125	
745176832273	0.890506	0.727125	
746250574097	0.873296	0.727125	
747324315921	0.865221	0.727125	
748398057745	0.874489	0.727125	
749471799569	0.862996	0.727125	
750545541393	0.870139	0.727125	
751619283217	0.870866	0.727125	
752693025041	0.882226	0.727125	
753766766865	0.874155	0.727125	
754840508689	0.864886	0.727125	
755914250513	0.873137	0.727125	
756987992337	0.880282	0.727125	
758061734161	0.874190	0.727125	
759135475985	0.881531	0.727125	
760209217809	0.873259	0.727125	
761282959633	0.874024	0.727125	
762356701457	0.881952	0.727125	
763430443281	0.869096	0.727125	
764504185105	0.863175	0.727125	
765577926929	0.872803	0.727125	
766651668753	0.871544	0.727125	
767725410577	0.882547	0.727125	
768799152401	0.870012	0.727125	
769872894225	0.862062	0.727125	
770946636049	0.883230	0.727125	
772020377873	0.879812	0.727125	
773094119697	0.868095	0.727125	
774167861521	0.889049	0.727125	
775241603345	0.869903	0.727125	
776315345169	0.872291	0.727125	
777389086993	0.875212	0.727125	
778462828817	0.873268	0.727125	
779536570641	0.878055	0.727125	
780610312465	0.889039	0.727125	
781684054289	0.870722	0.727125	
782757796113	0.989210	0.727125	
783831537937	0.900233	0.727125	
784905279761	0.886350	0.727125	
785979021585	0.882719	0.727125	
787052763409	0.894353	0.727125	
788126505233	0.895634	0.727125	
789200247057	0.880653	0.727125	
790273988881	0.909598	0.727125	
791347730705	0.824178	0.727125	
792421472529	0.850993	0.727125	
793495214353	0.977037	0.727125	
794568956177	0.943122	0.727125	
795642698001	0.981645	0.727125	
796716439825	0.920816	0.727125	
797790181649	0.970336	0.727125	
798863923473	1.000565	0.727125	
799937665297	0.987912	0.727125	
801011407121	0.954944	0.727125	
802085148945	0.997723	0.727125	
803158890769	0.964718	0.727125	
804232632593	1.008666	0.727125	
805306374417	0.996488	0.727125	
806380116241	0.986810	0.727125	
807453858065	0.833250	0.727125	
808527599889	0.945894	0.727125	
809601341713	0.985409	0.727125	
810675083537	0.824103	0.727125	
811748825361	0.802833	0.727125	
812822567185	0.800510	0.727125	
813896309009	0.818266	0.727125	
814970050833	0.802762	0.727125	
816043792657	0.815097	0.727125	
817117534481	0.811189	0.727125	
818191276305	0.802444	0.727125	
819265018129	0.824349	0.727125	
820338759953	0.812554	0.727125	
821412501777	0.802221	0.727125	
822486243601	0.907684	0.727125	
823559985425	0.855099	0.727125	
824633727249	0.916298	0.727125	
825707469073	0.834804	0.727125	
826781210897	0.854737	0.727125	
827854952721	0.837078	0.727125	
828928694545	0.821697	0.727125	
830002436369	0.811422	0.727125	
831076178193	0.760765	0.727125	
832149920017	0.784611	0.727125	
833223661841	0.783157	0.727125	
834297403665	0.789190	0.727125	
835371145489	0.828754	0.727125	
836444887313	0.844024	0.727125	
837518629137	0.816781	0.727125	
838592370961	0.802369	0.727125	
839666112785	0.822827	0.727125	
840739854609	0.812349	0.727125	
841813596433	0.822869	0.727125	
842887338257	0.842577	0.727125	
843961080081	0.804030	0.727125	
845034821905	0.786978	0.727125	
846108563729	0.798756	0.727125	
847182305553	0.780090	0.727125	
848256047377	0.911414	0.727125	
849329789201	0.964740	0.727125	
850403531025	1.005489	0.727125	
851477272849	1.019825	0.727125	
852551014673	0.982110	0.727125	
853624756497	0.908087	0.727125	
854698498321	0.783737	0.727125	
855772240145	0.764452	0.727125	
856845981969	0.662688	0.727125	
857919723793	0.795535	0.727125	
858993465617	0.803630	0.727125	
